4.177790383000591357e-01 4.259044610080495730e-01 2.194622450812855341e-02 5.092061015800580792e-01 3.095754280132534397e-01 3.546054707188597277e-01 1.927943897739425871e-01 7.444898583291137406e-02 2.317901467468970189e-01 4.678063831851337895e-01 7.783222086911347759e-01 9.028471967761972916e-01 4.969295216510614122e-01 2.496824464127663790e-01 5.140685343775777127e-01
9.422121105877793168e-01 2.009742319934868515e-01 2.135246865920681358e-02 1.973791235261067589e-01 5.741639960242437279e-01 1.258994655659144701e-01 4.763664353694246900e-01 1.141548187307441786e-01 9.092449730416770626e-01 8.927851928649525037e-01 8.783793491402935860e-02 4.811694229889487140e-01 3.530710592023722505e-01 3.475695006840703316e-01 7.798388589560948381e-01
2.784482175883546962e-01 4.005170441254884972e-01 3.912450319158725653e-01 8.884817452878948085e-01 4.082754934350619758e-01 7.670716942967861218e-01 1.162011239788126593e-01 5.355348279276568313e-01 8.949448055280094794e-01 7.643089470875422675e-01 3.953684920749391818e-01 3.452344415856152260e-01 6.889374975285516012e-01 9.177185952217390419e-01 1.414215448128541830e-01
1.686730662107687184e-01 2.984555059478477546e-02 2.586508837659853288e-01 4.086241069660219161e-01 6.882156296597720102e-01 2.377033944643925922e-01 9.773999877577178585e-01 5.770193393042268859e-01 9.177820464843503556e-01 7.156887492536445627e-01 7.064550843365801081e-01 7.163747410963816620e-02 7.071434929839400807e-01 5.173010222037113248e-01 2.780363304413946413e-02
3.279599519167376576e-01 9.284653154639794792e-01 6.126092693302868097e-01 9.865361216931103350e-01 5.408748449026781202e-01 6.055841747283130516e-01 3.091766563010144298e-01 1.153529354987327116e-01 6.827158113250304527e-01 8.866731374090177642e-01 5.779908821535151286e-02 8.374621463449836156e-01 6.987946949666935526e-01 3.204160517527658847e-01 4.693615193655001905e-01
6.713949933103391388e-01 5.232313715652571195e-01 8.527967320166918164e-01 4.807973372291248770e-01 2.052532764830374834e-01 2.754165568635382755e-01 7.334872075571060579e-01 5.460950693307088377e-01 8.927901742177035693e-02 1.719538875555449708e-01 1.457142349735147668e-01 4.641215053263785251e-01 3.968296309916125031e-01 5.423690038348900622e-01 9.808787072551827801e-02
2.328820959642277089e-01 7.052832718616643959e-01 1.764351652493754141e-01 9.763446010026899380e-02 8.087338238717118877e-01 2.425669254172300171e-01 8.894430782334784569e-01 6.942968996365882495e-01 9.945074827599753586e-01 8.730628900449521890e-02 7.870485896046068852e-01 3.884744959684073295e-01 2.138397627787342881e-01 3.437621168468990573e-01 5.077497272610265178e-01
7.369051843227533150e-01 3.667000810189824378e-02 6.021004129538567451e-01 9.420115949471018491e-01 1.047037771538145146e-01 9.558819231850593789e-01 2.015858048443496253e-01 5.186482574013817626e-02 5.138897283663202975e-01 8.470390538715311113e-01 1.914700394658856997e-01 1.838035519744456447e-01 7.051262676570420052e-01 2.459891292277941455e-01 4.473801339657148546e-01
7.873169802834054654e-01 3.620393461655041500e-01 5.038938481064821895e-01 6.688954428253003348e-01 8.387349649936586271e-01 8.347137521268256366e-01 2.548359208834152234e-01 5.410039741724924633e-01 3.500517245110148501e-01 4.556408623936950564e-01 2.147155738395981617e-01 6.994112928597170376e-01 7.420629425885489905e-01 5.038727728598366706e-01 3.781508002085450793e-01
8.921580053843103375e-02 1.784438221560029625e-01 5.158170142696220095e-01 8.872440039789629695e-01 4.472056680109381954e-02 5.144797579076250127e-01 9.057970685997712712e-01 1.293221011204175319e-01 3.534106147461970604e-01 2.193348428034656017e-01 9.793216196160799969e-01 3.331399807744371833e-01 3.862413579077430548e-01 3.602113218466158617e-01 7.995211036658169679e-01
3.041834547430950497e-01 1.680324718713461785e-01 8.711921745646146187e-01 6.435906780457446574e-01 9.170395027599911320e-01 6.435688410202651255e-01 9.634954477570226716e-01 5.296773176188929177e-01 7.256669717139662135e-01 8.113736607005939128e-01 9.772985367332713835e-01 7.594906021350059655e-01 6.164619080989568456e-01 1.037181440627360507e-01 4.699641170782959954e-01
5.220106121991078263e-01 5.753635307180759995e-02 7.758616328911094318e-02 3.768321956922413563e-01 8.121540833766907053e-01 9.059918387702101672e-01 2.520451164069680283e-01 9.778841815607624000e-01 6.246567609085377226e-01 6.279078475058661457e-01 2.849471924286667290e-01 4.652303872857831424e-01 1.699914492020869750e-01 6.484510202406038593e-01 5.882574219659605363e-01
8.184139198037286844e-01 3.123311497787319979e-01 1.846463547945073058e-01 5.122128823247686924e-01 2.483185651361764501e-01 5.742382675563877381e-01 5.782060646104184576e-01 9.467222988006821494e-01 2.909768901078746417e-01 4.105328071179290550e-01 4.465412756410527262e-01 2.217831307358925086e-01 8.557994435221044638e-01 2.587771889411399906e-01 9.704823503543309471e-01
1.158278289017513618e-01 7.056775557408773158e-01 5.549553894247249985e-01 4.103946567175149607e-01 2.307010538280414025e-01 1.132307462433590484e-01 5.190215627511550744e-01 9.280380769896898752e-01 5.319117956764937150e-01 2.525607950339104901e-01 6.540799483772329337e-01 1.456104456565125993e-01 3.026346239486661371e-01 4.343714365139781375e-01 8.909776545277892090e-02
6.553501799075689416e-02 4.645834219445544866e-01 2.668077461635842695e-02 6.671352899919845703e-01 3.127400695295612376e-01 6.327561087461377465e-01 3.668657144432805328e-01 9.766731775887548261e-01 9.079838119238614613e-01 5.574130586237741047e-01 8.995314071483385687e-01 5.798089626102341798e-01 1.683267572815100310e-01 9.694236395943814921e-01 9.835524281433771776e-02
